2 0.238281 0.14375 0.0109375 0.0152778
3 0.177344 0.207639 0.01875 0.0152778
2 0.210156 0.202083 0.0125 0.0208333
3 0.479688 0.0986111 0.015625 0.0277778
3 0.071875 0.351389 0.0234375 0.0222222
2 0.739453 0.169444 0.0117188 0.0166667
2 0.844922 0.295139 0.0148437 0.0291667
3 0.767969 0.171528 0.01875 0.0291667
3 0.881641 0.297917 0.0226563 0.0319444
2 0.110547 0.341667 0.0148437 0.0222222
3 0.497266 0.564583 0.0351562 0.0569444
0 0.138672 0.274306 0.158594 0.173611
0 0.810938 0.231944 0.157813 0.155556
